1000
2
-6.596339319605128 -7.139014566980024 
-6.137531819141963 -6.5808170128694545 
5.198205748749824 2.0491750753531437 
-2.9685585225929945 8.16444175873353 
-2.768788974416355 7.511143175080216 
-6.822614066254186 -6.61151731441269 
5.020076687234065 2.583755429224555 
5.556206510930583 2.319658159838725 
4.863792970292763 3.337310113914576 
5.846387802736459 1.156234012953496 
-2.171594960977548 8.602409162075855 
-4.978436505398262 -6.940770407090567 
-2.31013792747928 8.414069251039527 
5.5581954422304145 0.402669080317555 
5.252652741290671 0.9197541207670759 
5.852976536207285 2.114886597580637 
-3.2924509153889874 8.692224611992646 
-1.9621002418827123 8.812093475764428 
-1.534077889634999 8.867228746696183 
-2.1822702492885875 8.795185599389457 
4.60519394884132 2.207384416477253 
-6.47589710081466 -6.9043051996668625 
-7.187661475337011 -6.100449061006607 
-9.001482090159865 -7.487931580370379 
4.016738309803337 1.4176925647804772 
-2.4534727107640557 10.10847764666927 
-3.208923131045336 9.228266038932544 
-3.186119623358709 9.62596241703919 
4.8197729873815796 3.3651719702853313 
4.90692910209736 2.862800479564169 
-6.44268902140492 -5.689463318489605 
-8.301437857893113 -5.37877594132046 
4.614851877482957 2.790935983141019 
-1.9872560574358524 9.311270801431508 
-3.6601912004750528 9.389984146543993 
-6.586069258984641 -8.236691397899351 
-7.460150640955993 -6.291531188855337 
4.084679309534903 3.854326753381322 
-6.368424591626289 -5.506451048112989 
-6.8360247447788165 -5.185058552845193 
-0.6271731265777165 10.359706174353299 
3.988460832613653 1.4892838498864105 
-2.9968038471252436 8.5817279403787 
-7.214402523257811 -7.283758056517943 
-0.660241528107405 10.140851157746079 
-4.235283844134235 -8.3830799216711 
-3.159840192174577 8.527160744433626 
-2.4098653176235243 9.76567325157011 
-8.754799660797016 -6.76508351412853 
4.5697131247694545 0.3122087504247406 
-7.548699929811186 -5.840204905879871 
-1.6095977476194996 9.321585649074931 
5.048131591942573 0.2705860797028916 
-7.652504858974879 -6.473057306151412 
-1.7975827449638604 7.889644036360452 
-9.015301405129966 -3.742361059615953 
-3.571501336778855 9.487878558833502 
-1.651537999850731 8.854347598234895 
-3.4741210836328547 9.70033758819676 
6.312451223065805 2.3921886933067773 
4.0385111922768875 2.292951618083269 
-3.170984087821138 9.866719462994546 
-6.906931730661202 -7.813377552349142 
-6.223726414621509 -6.6853733985571715 
-3.2220434057299148 9.120716355890218 
-0.36525353372742453 9.648205150516333 
-7.76711936895337 -7.317567893599357 
4.156692373928728 3.5471564472307646 
4.193695403013321 0.08362895299520101 
-3.038957826819789 9.527553561311677 
-6.292933389675995 -7.355013249898471 
-2.9592630945319938 9.63713606054582 
4.027090145743715 1.585468124004748 
4.568277576814038 1.9359474474308904 
5.624201234704685 1.759180839715223 
-7.362370713333302 -7.833438201534659 
5.321770325854413 3.8198770096767656 
-2.431829315405132 8.153001926870058 
-1.9793934451374673 10.455854748856222 
-3.494923669388294 9.518332643716166 
3.396015600836816 1.2802644861448247 
-2.422150554814579 8.715278777732454 
-3.5768180524353443 8.871906643177027 
-2.773854456290706 11.73445529478794 
5.713510586087874 0.9466543845296718 
-6.502526797249083 -6.909372406960925 
4.082387051220268 0.6033667043616542 
-5.641344119717634 -6.858838016539885 
-2.7617657744459105 7.766502946233472 
-2.2516472323299856 8.939840212432154 
-3.490706274100701 9.476389602461593 
-1.0679243339866347 7.578423977018883 
5.157537856697225 1.2474258707872665 
3.6357380694760337 1.2053721188366036 
-6.07968528920922 -8.496420201712535 
4.12226753719193 2.1969576355796305 
-7.171438460066814 -8.443300401972603 
-1.9223405292524798 11.2047417540083 
3.23236714151028 1.1953529963498566 
3.853889375720152 0.641936730382954 
4.82664560070518 1.2177867515874095 
-7.689230711072916 -6.456048548811857 
-7.008164702590201 -8.761958638773585 
-5.128942727142494 9.836188632573545 
-5.662468670325774 -5.358793541353496 
3.055976012742378 2.7335843400850295 
6.060383084217956 1.4024233901912557 
-1.6956804056830803 7.7834218117643665 
5.13390902251084 2.233843449764639 
-2.9698363940125376 10.071408354417237 
-5.3661774479091395 -6.249297908721169 
5.55895531921587 1.6828951397520806 
3.558815508628204 2.5891052908849956 
5.361550900271337 0.8441179127235028 
-0.06344564343592385 9.143507310173549 
4.8836795499993 1.4090910532040035 
-7.046748904937681 -6.597529642787647 
-7.783329051881398 -6.555750311554344 
5.398807426014867 2.254361107910108 
-2.851885217133099 8.64284526220253 
-2.2282057553177177 8.391586608377727 
3.885914247361425 1.692494607073958 
-7.554805466125652 -7.024628263991464 
4.600323682371446 2.6546703813133563 
-6.90614845040033 -7.761984244503664 
-6.760046822737117 -7.853178534157502 
4.150439393709879 3.0173305610098042 
-7.1888362682011335 -7.632265998866529 
4.688738906553806 2.013761375144614 
3.5171568146658028 2.3555794301247825 
-3.8136671235576034 9.68395867702836 
4.426435965297894 3.4638958207906843 
4.817579837161356 0.6378253252306307 
-6.207053489948539 -4.980227658380731 
-1.6860270390908356 9.087604095386725 
-4.995040885216661 -5.336866065003758 
-1.7707310430573397 9.185654409388292 
4.864330654788073 3.0202679865528865 
4.2053826087957855 1.6639975604720927 
4.590415126575668 2.6479891761073358 
-3.0985623799969617 9.863888225219346 
-3.0230645403894436 7.95507260630937 
-6.324022725147822 -6.790528912020698 
-7.6720471121512315 -7.1880711229149865 
-8.109176785603687 -6.3834103700394245 
-1.679792041869261 6.803150819190437 
4.002491708921584 3.162186215048284 
-2.5439093927579934 7.845608090578789 
-3.227641844305186 8.800838976486475 
-2.637115214533517 8.058745687597895 
-2.4174368465172478 7.026717213597429 
-6.711166214881656 -5.562512057667987 
5.183478990822533 1.602555351854626 
-7.408243872901027 -6.2937455745208535 
-4.222332152143627 10.368158502363734 
4.85089630343072 1.8764565720703397 
-2.9945611708818536 9.096160267584644 
5.133196737108991 2.1580058076356057 
-2.273583064944184 9.785151322085289 
-6.7387409442400665 -8.648548958838798 
4.961236051678375 2.395090438176017 
-3.7094940301085266 8.679784892357373 
-4.136740060935913 9.062371074859703 
2.803673463124805 2.481161010853276 
-0.8767863191211149 7.584144750237689 
-3.7005011202553986 9.670839736832152 
6.486515832275767 0.9030849176145794 
6.28189399636447 2.982986773283366 
-6.079217665923588 -6.125818263462373 
-5.6792132832068445 -7.537003872247342 
4.550143141940874 3.413286899390205 
-1.636876986332072 9.197628133936673 
-4.024388685251303 10.381160395642846 
5.230533666920411 3.0818732645236397 
-2.2951038789225464 7.768547349486333 
-6.2449057225895 -5.770409751319724 
6.02415165473862 2.537078803993092 
-6.912857181795731 -7.088226450548486 
4.831927952718133 1.6640532197382307 
-7.0745354715039515 -5.746339496408882 
-2.0957627198290494 10.891081940756388 
3.295428325193824 1.0545177374565338 
-3.4997339481834384 8.44798839859555 
5.2922017146415214 0.3967775269564826 
-2.5450236621627016 10.578929784012328 
-6.388652239513019 -6.145231807226129 
-1.7522090064073983 8.092120804020697 
-9.303867451424212 -5.996064196914897 
-2.9811294888421838 10.103236725165688 
-6.201701319812001 -7.368021001421649 
4.636276297137533 0.8148049947481892 
-1.8190536313416377 8.613065656312486 
4.889262519938857 3.5506229637042064 
3.0832496627041976 2.579179635286372 
-2.5171702643693674 10.494230267088348 
-5.7535769403791015 -6.931503316864433 
6.3674220063288125 2.409493353614764 
5.748061652965617 0.9332637568152011 
4.744079940179978 1.9105765560412096 
-7.414955377105192 -6.970642875580108 
-2.9841429342137062 8.360956895624609 
6.728253541008829 1.8335800557855582 
-2.953490883128862 9.391586621243174 
-3.3559913411211553 7.499438903512457 
6.187384037558163 3.7690473570362535 
-3.1718213819985968 9.584884796791481 
5.17863482867447 1.0524960908613656 
-3.0396987706632776 8.438467887553642 
-2.238740797272911 8.964048018749185 
3.0468851026964323 2.413644421901131 
6.140638626862412 2.8233914260542248 
-6.333342943147571 -6.873687323465009 
-7.924436385172304 -8.846466182651948 
3.651287729077184 0.8695803667249611 
5.2984231089009315 3.9833742227070816 
-2.065378194906522 9.788920181627658 
-6.894937040324265 -6.300818093674859 
-2.521444395899665 8.11703175671249 
-8.113976063031192 -7.472573852428841 
5.338102149841691 2.3666550693624817 
-6.934521191767557 -6.594555518418289 
-7.506344415741236 -6.017716120893188 
6.234383899453073 1.1262083356224042 
-2.152182137087703 8.321376532937668 
-7.04777100973606 -7.352200170973074 
-2.52771075904514 8.725627489278184 
-2.7790725583461215 8.035522412416015 
4.291226701820242 1.6239119796223032 
-8.075510253186454 -6.435506925055806 
-3.282022837590322 8.777467521458313 
-2.2130773459881743 9.275341400378212 
-8.251528334082627 -8.493670991152687 
-3.5464437773792064 8.823947450114714 
-8.058666982311072 -5.692430204814383 
4.466807011944232 1.9887487315221994 
3.8362042682583706 3.6122864893847995 
-6.962307876993969 -7.001857101659231 
5.1899309352526535 1.0048252290770967 
-5.351158764738738 -6.372273836986323 
5.232980094196485 1.6636232446267418 
-5.683055689486778 -7.038639166302916 
-9.031442592480575 -7.599262912518367 
-6.101266114984632 -7.43129530960448 
4.835724091325783 0.9947969063257 
-7.326949086810021 -5.5990932315408335 
0.5696831854024875 10.133861039632897 
3.3595744375572067 2.8456270122208767 
-2.412201658060032 9.609443153635235 
5.008552145101002 1.5798308716133713 
-2.5752774217000667 7.803269928435865 
3.9634865341688315 3.7741101168515474 
4.594292819872604 2.2165091332634237 
-6.5476468605822555 -6.68960991349688 
4.76798325113889 1.2921180264658512 
-1.6735055109876082 7.884579273540703 
5.636145655675241 1.4794131007794196 
-2.530099217016898 9.131613511507103 
4.2607510952406145 1.7695893238383702 
4.677882314396301 2.0932010106589933 
4.399553438069966 1.5983488763911344 
3.912741660403233 1.7256510483892273 
-4.178602904174122 9.557646320578257 
-7.345663693019512 -8.474812660542742 
4.836400005929572 2.6821734415292444 
-7.3684766129375445 -7.999727026564958 
-5.847080986809613 -5.753404456448363 
5.372518913443681 1.8924531038321497 
-2.170701215558336 8.59899821429752 
-1.3299004389889237 9.081804609608431 
-6.791220304859423 -5.402579512220685 
5.563905855435002 1.788267547497743 
-0.19453905637924152 7.147020935606573 
4.60489034573114 3.743970319576242 
5.509946566916856 2.4688515719133366 
-3.9877196134201776 8.294441919803614 
-5.2183679766034 -7.337205849862219 
-1.6395917029470901 10.369923987003272 
-5.929319599177695 -5.169496220694022 
-5.883579505345454 -7.636904681845407 
4.1171558157090615 3.0221789097776215 
-6.541143347689579 -7.175511003414976 
3.9717883825850526 2.965212033477255 
-6.753247611604858 -4.941180594217662 
5.261688798445298 0.4029449640502756 
3.2503063694645054 0.3277709369838402 
-0.4484496981707631 10.769626970641525 
-2.151410262704467 9.575070654566556 
7.043294421466376 1.9155508869071467 
-3.746148333930832 7.693829515114045 
-7.523177023468732 -5.850148775694786 
-6.804193552249678 -8.482075405173115 
-4.576639723092627 8.925166088685533 
4.575740489635109 2.3019320942442123 
4.8409778829430685 3.0238240799483442 
-9.433548326053225 -5.945789682036673 
-3.5220287433871738 9.328533460793595 
3.430184093386994 2.5730984139369366 
-6.157245833323499 -7.252942745367713 
-6.698605632447563 -8.176941541231793 
-2.409546257965109 8.510810474082122 
-4.823420061210948 -7.983317958997629 
-7.106106083052797 -6.512744086459769 
5.867547828701394 0.7635286652495266 
-6.56045268073209 -5.539659147252802 
-3.6155325970587784 7.818079504117651 
4.382502298804757 0.30458561006314255 
-6.5281789836096875 -5.809959354959519 
4.599720885583758 0.5423945818226839 
-6.906032948110197 -6.59994843445634 
-6.358504762771932 -6.23489400732589 
-6.019153702791525 -7.463187031844885 
-5.386938622191749 -7.1512331943185155 
-7.834749770500623 -6.456510527682486 
5.895634961801623 1.0785623817212282 
-5.152663339917865 -7.279745778890549 
-6.979781267631223 -7.083783343452913 
5.834925465152944 0.4499827791569573 
-2.623737468305368 10.252102440171782 
-7.3449376479313235 -6.986057947580083 
-6.797187438216767 -8.337661092740877 
3.547566071555522 1.6567612342459301 
-8.405283505721364 -5.617525489848765 
-5.8555646653398075 -6.287582644074764 
4.668623659162919 3.251621546548031 
-6.260472930146072 -4.822614123564248 
4.615524243967118 4.115440042552596 
-1.3663748085377296 9.766219160885095 
4.251702017686872 2.1435859063162197 
-2.45098890460675 7.871315830367698 
-0.37616424839648355 7.062198328675819 
4.344929157936074 3.220911756614466 
6.959208376209796 2.366487523335104 
-6.7031856358740445 -7.247137432359269 
-5.569318445031662 -5.4844257824859906 
-7.431485337043717 -4.321910307607695 
-3.2395642547698866 9.230744717780297 
-5.772546521864298 -7.000490757229545 
4.966011858470219 0.722056107555429 
-7.8861697564309114 -5.740231032146902 
4.187572516979024 -0.45070964268822467 
-7.125689679281218 -7.723356188592138 
5.273655717160199 2.3869687813922305 
3.9348669804696925 1.917400606283026 
3.191864935811857 -0.22563627267934994 
-3.417221698573961 7.60198242686303 
-3.0828596299329867 8.467427186957929 
-5.879044873108292 -7.550729802352592 
-5.264251501681828 -7.202430062487286 
-2.978672008987702 9.556846171784287 
-1.2315327272643253 8.422714739362492 
-2.3360166972015683 9.399603507927159 
-3.3381926339748222 8.454105088001352 
-3.5800901211138623 9.496758543441507 
3.7815210560468877 2.6734795633497233 
-1.5458214938084285 9.42706705513482 
-4.043311793788373 10.291962950096831 
3.3451973605071954 3.1339964713192514 
-2.7549406871386943 8.741562558450651 
-3.2655483683370536 7.592032418600647 
-7.271385340195092 -7.8025197777744495 
3.5293029907622726 3.7254401273643545 
6.116419185953998 3.3532610380881835 
4.016109875532297 3.887201037807518 
4.895908570541977 2.955860667886246 
-7.066771456155819 -5.8943795975960835 
4.19437631482733 3.4265541610584327 
-6.11354691276658 -5.653176369391639 
-7.596449511754075 -8.746646210349006 
-5.803620052552672 -6.858797944604005 
3.8045317829683443 4.11831881171412 
5.706553525817255 3.1424652743864048 
-4.9808421231800395 8.217390872727846 
-1.8764157569464652 11.284978986002717 
4.398642778371771 2.325225080455029 
-3.4838792932800717 9.801370731940773 
4.028361033236153 0.5665085870925097 
-2.4121200737047097 9.98293111873121 
-5.408456863657662 -7.089433270427813 
4.015060258532422 1.9992607341515658 
-3.436128094630833 8.954760772136522 
-7.2445799206941555 -7.719319260614953 
6.0220378272656285 2.621879571530375 
-6.299994017937695 -6.55431327669378 
6.1903793290421785 0.974815643201941 
3.558822295819839 3.0263225372736358 
-7.0601071047418955 -3.687002025431086 
-1.5587737848667 8.43738247253592 
-5.147112191666178 -4.648809447083314 
4.716700727288357 0.6901774597521624 
-7.903814015480475 -5.026017026941759 
4.17217763491621 2.319673565671448 
-0.6434231119079936 9.488119049110109 
-7.952370216891077 -6.640862729164797 
-4.059861054118883 9.08284910300435 
-6.241576089710513 -6.37926511833149 
-6.6105002499061625 -7.2233018687733574 
-6.216745922483858 -5.706635735790622 
-3.299672078498062 9.485754485334317 
3.417751027336156 2.68616811411312 
-2.2494751213312685 8.109969503093913 
-2.2493148288043265 9.796108999975631 
-9.052296737165307 -6.032687916125525 
-2.2587047727068734 9.360734337695297 
5.209646116460306 2.4208782439580467 
-3.101591547291619 8.150295358518505 
-6.679057993920328 -5.731472243847231 
4.068699846445305 2.5457524652968906 
-1.2422864738661274 8.306616662579541 
-2.096266168777126 8.450561575394346 
-7.878012630339562 -6.578317693456481 
4.722162825503526 3.038650059006083 
-0.9299848075453587 9.78172085735123 
-8.563065383372221 -7.685979659772135 
-7.052573251074693 -5.168401113133603 
-7.090757429978964 -7.867289120427131 
4.614324765236656 3.1458987032000967 
-6.341331112101637 -5.807602255966144 
-3.8294308300733926 10.845744894052675 
-8.460817893183403 -5.985071279199831 
5.347630771683577 1.4107029080464644 
-1.68713746305826 10.911079110852269 
-1.6788618065085046 8.158202302289455 
-0.62301172184222 9.18886394103016 
-4.212580062407905 8.958738429301702 
-2.1674416472755906 10.890456967414208 
-6.571576651647168 -7.271758160697738 
2.1404731213545283 4.264112256531474 
-8.442173048037812 -7.409162270622241 
5.2900800141867625 1.873993820161349 
4.3182437850107185 4.049917667501573 
-3.7700815773877956 9.932148075253098 
-2.7268788262799704 10.11306298018551 
-6.1427832940588365 -7.16143715039416 
-3.9245683651031644 8.593640805432962 
-5.926490557238025 -6.5929854280741225 
4.683690308207211 1.8261676823122435 
-6.899046797039003 -7.183289376110222 
3.9517284910503774 4.225605489285041 
-7.66452550423351 -6.231829159432087 
-2.4416694183648264 7.589537941984865 
-6.366027084581553 -7.412810432937858 
-6.450810690820697 -6.187003986012803 
-6.612500540139787 -6.371384570046013 
5.460361017425465 2.48044371504803 
-2.147561598005116 8.369166373593197 
-2.3889019913408513 9.52872496225707 
3.8075232631238727 2.444585240327136 
-3.987783868832592 10.15804017140525 
-6.638874011662701 -4.278426479095552 
-8.652659659358152 -5.6181880925619545 
-7.970026268594117 -5.469177213529677 
-5.960398256576067 -7.548253678814941 
-0.9160109964133532 8.503070451767137 
-3.6924561357185253 6.975053950438221 
-7.985331859637206 -7.095030623564682 
-2.300334028047995 7.054616004318546 
4.762176339260385 2.51646771297712 
-7.0498118136761985 -7.3333376426032215 
3.6640055832507685 3.0268114805485715 
-2.5040841664102893 8.779698994823175 
7.199963374496896 1.8771097842160822 
4.012911778440334 3.7856182419376605 
-0.35601516554119383 8.246938565310272 
-0.9580456475302273 9.12996076249118 
4.6067518633543045 3.7677275474585197 
6.219450981958814 1.4503096567874638 
4.27743789482497 0.8534997893145881 
-4.722318977885767 -7.485824516279285 
6.039234272814103 2.897803366853501 
-3.2683302846064484 9.16467991467453 
-7.9705936213664685 -7.2909238812305315 
-2.399802828447857 9.740052752097014 
-2.6672055216317396 8.587405058250901 
-7.362688242834709 -6.7333165812903975 
-7.878929423446181 -7.384884514504164 
4.650231456071482 0.6613334515905724 
-4.817102271908125 -7.94764250753022 
-4.115643943310323 9.217749764065545 
4.8063310444411576 2.465620947948881 
-2.728869510890262 9.371398699710069 
-5.267348933162625 -5.565195139691899 
4.982604182605805 2.429922903094516 
-6.1701753740122305 -7.31559596384579 
4.380836690407398 1.7768198348557538 
5.350838804431593 2.417432995426772 
-2.617957771509608 9.415997850297263 
5.272286575283623 2.9457241335674618 
-7.523145421531413 -5.95226946519471 
-1.4507731362031624 7.255546641775207 
-3.799158522793804 7.719207356134706 
-2.2325068237227312 9.841469377234345 
3.700543442409347 1.8290821282191165 
-1.9383071123595832 10.14985176837892 
-6.183239743694555 -5.9248043847054355 
-3.3314180186191815 9.257973339690233 
-6.085362511529443 -8.134399016445196 
5.957272901862427 2.1707692886331316 
4.873664748018849 0.4172740377371047 
-6.528997091877711 -6.390922463128283 
-9.242559626693108 -7.889840297985884 
-6.366521392975187 -7.139656270859864 
-3.9077651968718916 9.577255364888892 
-7.06252363225611 -5.505233174127762 
-2.2642310519440274 8.50734295282719 
-2.8449823223428785 10.683307653487715 
5.03910195883338 2.620365623643473 
-2.7481456699191598 8.106722466156723 
3.3594494837318183 3.727963865925097 
-4.116680857613978 9.198919986730626 
5.6690344735537455 2.4457671663537752 
-1.6380729196210577 8.68826259603048 
-7.425871639403753 -6.4883055878734 
6.170629668571799 3.191931535638049 
-2.2851051412423335 9.026878528980117 
-7.100880814737042 -7.156922893164867 
4.462931608734052 1.1748724394022783 
-5.910169990624533 -6.452915231404262 
-2.267235351486716 7.101005883540523 
-2.4333930648590236 8.33712441668621 
-4.633093347362557 8.488531106517561 
-3.317691225945938 8.512529084613785 
-2.4907792438631984 10.690723440473604 
-1.3079837008888053 8.60621075517677 
6.305353280690678 2.9875397489588624 
-5.793840866211923 -6.782126439805051 
-1.93212549587221 8.811240742155329 
4.557727657835533 3.0904655155288596 
6.375842639393351 2.17108046740338 
4.392701453707504 1.2911854359429333 
-3.2245013323127183 9.693883877132997 
-1.6963355042137902 9.643914970121934 
2.799004604896456 0.6935927172050305 
-2.1425993769559017 8.074406341870967 
-8.450503343219768 -8.006877062185751 
4.735999613169085 1.5108943952356895 
-2.5862993324668544 9.355438103014965 
-2.949242109749734 9.145026705484414 
6.205402865462442 1.9074194228677441 
5.671723375696736 0.48760931090376003 
-5.690713819676628 -6.171805746074883 
-8.246505889566691 -7.10487499516863 
-7.344244488449663 -6.678949937403107 
-6.71977079915387 -7.907784734201905 
-1.8229374326782368 7.40157025700867 
-9.4099147138976 -7.1661138151560575 
-4.379989544078606 8.662772644157013 
-1.4261463798774732 10.068088180233225 
-2.0082804354283694 8.03673088339977 
-7.502276552885722 -6.685502138038704 
-5.658593495625917 -6.298011889807331 
-8.023353398471931 -6.7715498874994235 
-3.4076122944011082 9.506205299704828 
-2.8244668676930957 9.773255348691588 
-1.593795505350676 9.343037237858006 
-3.521301998312918 7.359429456332553 
-3.3696109883367025 8.629730583968497 
-7.017075705778962 -5.927235046073008 
5.208861915413377 3.60156630706927 
-1.7181656760097033 8.104898673403582 
-2.4636257831489363 8.362685780592505 
-2.778086313607581 7.907760219456652 
-2.7545857390556208 8.260549963840832 
-2.035959998479205 8.94145721554145 
-4.534340209710358 9.20074044296775 
-7.443874789808659 -6.6955582900789095 
-6.900994485499706 -7.62732127242377 
3.2916934141223884 2.716433777963447 
6.086856720581834 2.1697244604523065 
-2.311112862284895 8.869925716274379 
-5.750464963121823 7.989898486864032 
4.699509206148275 1.326232906235158 
4.718514026544192 -0.02503100059137564 
-6.423739419069663 -4.715107248374863 
-8.04974021721063 -8.682090030855967 
-3.1610337308549092 9.061684799514735 
-6.182672786640534 -7.213929083031957 
-7.942020719298149 -6.451802496068298 
-7.076965611458596 -7.031382876929459 
3.9355351456853422 0.5647083875771723 
-1.2037188158984211 9.03528996983108 
-7.106111290001102 -7.839548829999426 
-7.4752884851947625 -5.505671500105129 
-6.154531404303273 -6.363931306160988 
-2.980235928671073 9.246336065555958 
-7.757609777907831 -7.706989947315806 
-3.085968953621083 9.769677354024077 
-8.049544026861557 -9.752371806557596 
5.253396808958518 0.9503771187423264 
5.637888946087753 -0.9230856942529573 
-5.706502553564629 -6.510467401077853 
-8.021316305284776 -7.073769052555665 
-8.285944654823105 -6.963215165904641 
-7.70721741179999 -6.793965710229572 
-2.496195731174843 10.467820205355638 
5.028457440759065 4.466169201373523 
4.026476172687161 1.6706999974526036 
-0.3193946898350779 8.20598784284317 
4.745254342374062 0.6391441890225276 
-1.031303578311234 8.496015909924674 
4.08765579194713 2.6061015016962426 
3.638258826333186 1.692069391054777 
2.5579494283443793 3.66962605223077 
5.282601596095645 3.3023222140731634 
-1.0435488541311961 8.788509827711787 
-6.8476230420855035 -7.63352746362213 
-4.708684473653456 -7.055995405708283 
3.5365122300542278 -0.17972090901175086 
-3.384815876437507 7.631486397233985 
-5.926502145775183 -6.367024173178653 
-0.9860735457830929 9.55319617188298 
-2.4226078355798504 8.858608892806242 
-7.428352098892232 -6.787264692134832 
-4.028567589006764 8.530052055332071 
-8.226753480680966 -7.851723631786598 
-5.575286948273117 -8.54260158131162 
6.030086385245415 2.530979990292594 
-7.104483172959348 -7.530112174099406 
-3.498802443311331 8.888499208098674 
-2.6248459054409907 8.713182432609033 
-6.394894373856795 -7.72646624826682 
3.9378871484213462 1.3102687663897838 
4.276266624014245 1.9162240602196645 
-0.9231808069073981 7.776470629371472 
-5.160167431445762 10.105792980120784 
-6.443067386993603 -5.976174752189752 
-7.244948742463379 -6.695429287411038 
6.273310368529197 0.826824290922044 
-6.556547918035241 -7.132463095402234 
5.662449268237742 4.412922090280005 
-2.1380517496814413 8.4103009414825 
5.234633177893388 2.82658524272104 
-4.866239943624647 -6.743574262193209 
-6.140816710263767 -6.264742109262893 
-2.6704833347187593 9.41833698501286 
-1.2631124305551211 6.940895895790172 
-7.202307029993406 -7.130942609730994 
-1.3510867495526824 9.805948822161257 
3.9906012911620943 0.7492294171784755 
-6.756956875156474 -5.255431134806386 
4.848261644175654 -0.06856518448355864 
-7.491396282056556 -6.917146390324358 
4.467251536287281 2.8568296214274045 
-2.9557125751197715 9.870684922521793 
6.32380652768597 1.514285421071792 
-6.811771680623867 -6.027335918153727 
-2.571876720325922 9.96942844869956 
-4.287917871957029 10.510330439687504 
3.650250699657764 2.913940871928948 
-7.118559290320964 -7.246934005090634 
-6.986929335155499 -6.432392667465669 
4.765103338876009 1.543764142815479 
4.000917088538599 0.6500798905332337 
-7.148157839057102 -7.771301818691234 
-7.588033958061732 -8.393823985888774 
4.3321006012751 2.192320011604671 
-7.895449010129667 -6.818429743427975 
-2.1147454806744532 8.593301647378059 
-0.7437433827716533 9.419267839159277 
3.648486486771794 -0.1802204296629828 
-1.686652710949561 7.793442478227299 
4.0021388519767855 1.4421727289389144 
-6.967990150356606 -7.250120623158074 
-1.5830200755211088 10.923702768668452 
-6.685242889573934 -7.233275886086635 
4.658312769293494 2.320751389302403 
4.62024103730142 2.5256596383578795 
-4.234115455565783 8.45199859895735 
-0.8220559879801854 9.895925885147772 
-7.198681126817888 -7.676135450079435 
-3.327418306286223 11.106673403883782 
5.278609058257286 0.8301647712102485 
4.489823249195575 2.0987461374122742 
-6.580874282785584 -7.6319006433711305 
-0.8805820774814583 7.63418466998343 
-7.010884158243575 -6.803257710317179 
-7.316013081677839 -6.989719397201777 
-6.858833483475862 -7.608112534505081 
6.143277137995252 2.8505319745164033 
-7.492064565791708 -6.518606068069845 
-2.281737688448621 10.321428882480749 
4.810744274356043 1.789186347588053 
-5.5898744370685245 -6.206928242005988 
4.080956988956513 2.350381559005253 
-1.5029048138383097 8.437394258675173 
4.115358569948327 2.46254424516865 
-3.282986822156323 7.769631424886905 
4.319531528033782 2.3973356303426483 
4.911457673423475 0.6964211081204226 
-1.4781981005567992 9.94556624731452 
-3.348415146275389 8.705073752347108 
-6.978215323435532 -6.861259970331099 
4.1001191559187395 1.1948649585384192 
-2.503953923334567 9.061266721963063 
4.418914662398437 2.000055522935263 
-2.7326604083786012 9.728286622290414 
3.5436037493329 0.5331188013464376 
5.788644536600205 0.23345590516263237 
-6.625887529656697 -6.412416421510513 
-2.2194227661563373 11.089686926843761 
-6.766356780613505 -8.318387571593313 
-2.7173198734100255 8.521285193539489 
-5.209722686799864 -6.485438063452966 
3.2605596082135744 1.242239643998813 
3.4522804171985886 2.2829903941677596 
4.721708194775666 1.8742800307495893 
-7.525854500995073 -5.104798700666435 
5.069497055360687 2.1808573711038433 
-6.556459476966489 -7.027712179574615 
3.237273564428408 3.7227464271276713 
3.4141131732257604 0.5087948037309118 
-7.806980325341844 -6.641740610541161 
-5.904429561368841 -6.379015423336101 
-0.38704142604011693 10.046751388749469 
-1.3506020440453461 8.19360380984661 
-6.086138470599057 -8.628641566514128 
-5.914775558053813 -5.2645267697277145 
-2.616227983007308 7.9790438057789475 
4.454591177350393 1.8433489842073059 
-6.666430562913581 -7.632078925014766 
3.672902693098888 1.925458327798752 
-1.3297575023314632 8.545110476093617 
6.317579650304542 1.4195814422327375 
4.633807924688208 2.8116604583923737 
-7.013935932621818 -6.069301320116164 
-2.778604457497308 9.731828383994284 
-2.9013057761849077 7.550771180066203 
-7.138423253818372 -5.28146242277123 
6.715139708853367 1.2839818658511641 
-6.9840764096887415 -7.048931316465957 
-3.039455241425191 8.221413295935978 
-2.7641748404736055 10.51827911678101 
-7.353466538222186 -6.894561864154226 
4.193445221677573 2.1672596768390395 
-2.028188391316037 9.238170152477453 
4.970759068442558 2.8066986455496568 
-0.5444724901363609 9.04954968017005 
4.907271150300004 2.2948674901367454 
-6.318707743210031 -7.175589911305107 
3.716645590117197 0.6214850783243984 
4.790297741371678 2.3381306864069575 
-6.479939239398629 -7.531466487067775 
-6.809575028038089 -5.718231290667756 
-8.07326402290775 -5.960955419665945 
4.773419741010383 1.820699847560188 
5.718559669659397 1.9346612144400248 
-2.7015585878338726 9.315833470531935 
-2.147802017544336 10.55232269466429 
4.788546293430213 1.6360837128226926 
5.535072056255833 2.6083414856227014 
-7.0005753397590516 -6.460577149368919 
5.473800990777005 2.4323497631691686 
-1.3460338708977906 9.024519189217909 
-7.533702874278694 -8.710742490132404 
-7.30892941566853 -7.572530573149803 
-5.337517238583395 -4.874016705116824 
-7.013644357824187 -6.86542139854675 
-7.933309610297624 -7.9479125148551395 
-5.693923036488274 -6.16115628261088 
-7.32290944234278 -7.764912307302848 
-6.419655048212154 -7.557824963028053 
-7.879958515756845 -7.557854563800798 
-6.690045574552527 -5.8790635007088055 
3.921471570658904 2.8680940608851735 
-1.5551958595595479 9.66567737950412 
5.079893286281433 1.4711154595881208 
-7.485242730888134 -5.05409987972901 
-1.8272446517577863 8.704019371604865 
-2.004210344072293 9.880041322368443 
-2.62152567274358 8.793316528665098 
-7.5211087863742225 -6.448187048602006 
4.064241009990328 2.0951794985860936 
-6.654942465399384 -5.947518761402857 
6.938776959847352 1.6103311235010729 
-3.9572819645500745 7.606822353821766 
5.670162290259944 2.2119588429672454 
-7.815065893195865 -5.794127477100915 
-2.4115215245039185 8.241276344342856 
-3.837383671951181 9.211147364067445 
4.551596787876846 4.55287902159505 
-5.755514471165257 -5.9325831311530886 
4.565445407128055 2.59384178149141 
-7.456137591877989 -9.471151885420856 
-2.3956802778015023 9.676416802719368 
5.578162642204099 1.457124955723358 
-7.48183925151305 -6.4113353372009225 
-1.9941499367467022 12.867017618853042 
-8.358538759925398 -6.696749673496791 
-7.525591370275805 -7.6793015999262 
5.745404769186085 3.160199989501112 
2.946922022032716 1.8748300571459822 
-8.773241858105056 -6.666815885903008 
-3.2112507169301026 8.686623981600553 
-6.25805530129522 -7.24971992931958 
5.176388679798505 1.0747017021496947 
-2.4489674131117236 11.477528240683608 
-3.3017183614854506 8.899549686731422 
-2.8519121395795195 8.212008858976702 
-8.858927001527057 -6.132199337158413 
4.089573682382682 1.3015463160026806 
-5.88131629300331 -7.311729905993995 
-7.103093173523122 -7.229426389394144 
-2.4606759951079233 8.183336011787283 
-7.012260937533844 -7.854638897946588 
4.754106484890141 2.12347144540261 
-3.4286218572865534 10.564220533215861 
7.166811262101723 1.4423009110204115 
5.4256789948789335 2.398627245725697 
-6.008329893694026 -8.226089273522696 
-1.7619040179294885 9.624656393631787 
-2.495268331139804 8.990161041088319 
-2.9883718608980403 8.828627151534505 
-2.9726153158652124 8.548556374628065 
-1.3414155613929428 9.268706971499535 
-5.996517414004111 -6.957946790288749 
-1.8706051642753763 7.352766065929361 
-8.682766867407215 -8.464245536281437 
-7.018083175135044 -8.104407829565313 
-7.042694155095034 -7.6250122380823955 
-7.697826074573578 -6.883484050686898 
-2.1982900574547455 10.489642345147873 
4.673962304487327 1.2031964528820902 
-5.582632644590161 -6.902977655574829 
-5.692241139586519 -4.290545951257332 
4.772848510374978 1.273048869001559 
-3.3346948198452617 8.692900286545328 
-2.5419508932687487 8.470861357064557 
4.4649190795326925 1.2174245244478872 
5.411577546876446 -0.8753729366893435 
-8.680684925304009 -7.4227833930099685 
-3.8868669910098412 8.0764610882832 
4.668197212358563 2.002925823436477 
-8.297992924084301 -8.640918405256723 
-1.8638216734676027 10.38291768573067 
-6.5123398777499295 -5.0419259164808246 
4.544583303841149 2.2521912097110715 
-1.9326406599969839 9.325536282741858 
-3.0628469283999324 7.816408235609473 
-6.907142096201906 -5.107857996606203 
4.696528761125209 2.5028624382974627 
6.437565363077624 2.614012545207742 
-1.8548319666986925 8.958701457287866 
4.602244133803253 3.0764715659572532 
4.449196435464755 2.190602557120455 
5.021814288459654 2.4032113311318017 
-2.22922899673293 7.888797080899945 
5.689431551547436 1.4379344723801641 
-6.710972519184542 -6.438168943706538 
-5.006329414933725 -5.800061527561298 
-2.437631385833358 8.536628681433205 
5.725774402059679 2.4478679168206847 
-6.5707941785523065 -5.1778946486407085 
-5.7786675561526994 -4.921762139055353 
-6.5722204933421695 -6.06437238073665 
3.966388211984233 2.252163846164534 
-7.951766203136877 -9.801460076770553 
4.9257442269530065 2.307626473927757 
-7.622097776849318 -8.200132104496653 
-6.413197208717744 -6.91575107557343 
4.014316134718572 2.368973217378141 
3.0832969375683503 1.5450545229748194 
-1.9941623558440904 9.52807207911053 
-7.851283925692556 -8.259727758064876 
-0.8642299095514665 8.765250088641944 
-6.314117545519726 -8.640872352431764 
-8.073552197550326 -6.73716649851224 
-2.528213830955439 8.011756763560513 
-5.823570382085219 -6.656870679146787 
-7.088650448437296 -7.7306300474852465 
-5.562512123811405 -6.998178120267025 
-2.125132174113443 8.981591380104229 
-6.898335947597167 -7.2686280463648325 
-7.92653817383321 -6.343456840748661 
4.862012607861814 1.4944210622772547 
4.929047480135919 4.428469823851627 
-5.577885901752472 -5.318598396549094 
4.342315332868109 3.3488764972523515 
2.6461431936566457 2.347226253788304 
-4.103625281847117 8.414911105244549 
-2.186479062714661 8.187055184645999 
-3.3987120526782735 8.198475843232883 
-2.6609827180883334 9.602603334682899 
-6.9592685823969855 -6.427737797026213 
-5.61391935028657 -7.746284441490447 
5.6037579530230115 4.183692685532083 
5.285363017369177 4.136424407246192 
4.842801857079401 0.45742556894350006 
-6.338164462946482 -6.1209544329733 
-2.4393955380627315 8.628972531336562 
4.56938005816901 2.4596713277669338 
4.058197922279458 0.9584129532478651 
5.621644323219695 1.6483383004321095 
5.73118895682237 2.582307804847909 
4.66805999359723 1.9640506872965284 
-6.719053210101405 -6.877063573122532 
-2.1850312705643082 8.884143073830638 
-6.039007164646717 -6.333376025074568 
-8.384347565182273 -6.120053629586344 
0.06416218019711017 9.07350456221281 
5.199669284159141 3.0539504094953536 
-5.4871618910869415 -7.1301561078749 
-6.855407734478512 -5.467889037860518 
-1.883530275287744 8.157128571782039 
4.278912670409022 3.13249948730498 
-2.7581617715318236 9.985857079152677 
-2.030217797306358 9.347948233485269 
-7.667410943059509 -7.500957191527062 
-3.393055059253883 9.168011234143849 
-8.49475900705678 -5.7153702388187755 
-1.6837812740647204 9.82779576419896 
-7.415590636265318 -6.072051794994802 
-3.155770507295277 7.932738124583927 
5.223807021554065 1.6138775931536724 
3.657391442689792 1.7485365339437073 
4.942514301467135 1.2188938339213742 
-7.128318317334817 -5.272764017255954 
-9.582859484150507 -6.202234273745039 
-2.216125149754069 8.299934710171954 
5.347987512916692 2.9298720007353163 
4.094959749419152 2.372305798292803 
-7.251833967222323 -5.791360973571761 
-6.469808534222757 -7.121367247894489 
-6.286070468870408 -9.820498227940227 
4.528652774879401 1.0692620424759423 
-3.109836312971555 8.722592378405045 
3.618646019097388 2.6815261312400853 
-5.966042564918021 -7.683288543956292 
3.1143536653033626 1.2812616140594875 
-1.106403312116651 7.612435065406041 
-2.1768836110731584 8.265799591641768 
-3.272456779595267 7.209404027533802 
-5.551433049302212 -6.323879583875287 
-1.6966718006585522 10.370526156769145 
-2.1655793334842888 7.251245972835587 
-6.365719341492355 -6.7005278113363484 
4.1225903861277295 3.382517124126312 
-4.805544521401297 -7.79949418486237 
-5.239662661779877 -6.137982102204054 
4.2196920191322445 1.6913850750802248 
-1.9898511088115778 10.5470250412009 
-2.5226948477906843 7.956575199242421 
-6.756422384366784 -6.328624217235479 
-3.515215004552452 7.80009751541059 
4.7043532510382216 -0.0022968824131393006 
6.253590105286748 2.426703985454712 
5.829349325152742 0.7455618688037395 
5.247775345944641 2.1597788070970902 
5.480522385216825 1.320545704638341 
-3.053580347577933 9.125208717908187 
-3.189222344631241 9.246539825359324 
4.472760755911247 2.1198833703740547 
5.367508379865082 2.0251155697480314 
-2.185113653657955 8.629203847782005 
-2.4846874487938075 9.512284419443771 
5.575557229375563 3.2447247789348905 
-2.581207744633084 10.017819026090345 
-6.126285570046738 -6.498951208393169 
-4.547322158230604 8.006199817280917 
-4.201662252767569 10.543836447658935 
-7.614218767949319 -7.690362030290328 
-4.4279688383517914 8.987772252749105 
4.4530071920667424 1.533438625666557 
4.592958257348918 2.4502105111638537 
-6.812636473926398 -6.364170375571847 
4.623455940155349 3.161562957388816 
-5.930073055709946 -8.36500756172585 
-2.784249320204394 6.712364963462736 
-6.171412767894713 -6.646893462012445 
-5.206084265994322 8.959991261680509 
-7.305984787356813 -5.731663884079191 
4.395722200937453 2.937256852229089 
-1.895030923009325 9.771793838245626 
-5.682995704505619 -7.489892497595329 
4.809239660264179 0.5594551870357518 
-2.1779341916491863 9.98983125532068 
5.237278906077959 2.67434242625163 
-7.03975998671791 -6.208769516825481 
3.9043488936383346 3.2092628591511696 
-7.785359492013889 -7.533875931924767 
-1.006840570956722 9.088380908618097 
-5.267406562895846 -5.983270277410415 
3.2800226952481824 2.719423249967953 
-1.471657678794851 8.504269729343575 
-2.327331367994255 9.262506714498658 
5.162714324263601 1.399469680002153 
-6.590933561871413 -6.619787754504726 
-2.4449176039572875 7.936541350269016 
-1.0580540152577085 9.973556954283529 
-3.110904235282147 10.86656431270726 
3.3883394120376575 3.4169342880139917 
4.830977904248004 2.019606232096881 
-2.740132153261428 9.71049249301174 
-3.3489194652335263 8.4148934827543 
4.94768060512016 0.26300129128410643 
3.574765173152729 1.6679449795860644 
5.789152162513777 1.2699932588148446 
-4.818123614514873 -5.671743362682804 
-1.885077806000595 9.642631637462602 
3.6904799473961583 4.605551748778122 
4.030366634068818 1.786198380955286 
-7.441795217729572 -7.089331467020474 
